0.000000000000000000e+00
8.947066558375433853e-01
1.780370248856932847e+00
2.679369692683243098e+00
3.569369692683247219e+00
4.459369692683212705e+00
5.349369692683216826e+00
6.243796883683145893e+00
7.129291095973681713e+00
8.028234920692403520e+00
8.913729132982940229e+00
9.803785310985222878e+00
1.069849196682272741e+01
1.157968434082516040e+01
1.247439099666267914e+01
1.336506489882892801e+01
1.425095428244290119e+01
1.514162818460915005e+01
1.603230208677534918e+01
1.691915043908822369e+01
1.780599879140104846e+01
1.870154331849054685e+01
1.959339532415070551e+01
2.047157526015470097e+01
2.136342726581482410e+01
2.226036650567449371e+01
2.314873579825500371e+01
2.403710509083551372e+01
2.492547438341602373e+01
2.581906265549661939e+01
2.670416152003097210e+01
2.759774979211156776e+01
2.848284865664592047e+01
2.937329798142526371e+01
3.026917743760226998e+01
3.115962676238161322e+01
3.204715140992669831e+01
3.294303086610370457e+01
3.383055551364876834e+01
3.472364005611942162e+01
3.561672459859007489e+01
3.651544591245774285e+01
3.740026227758665556e+01
3.829898359145430931e+01
3.918948906589004366e+01
4.007999454032573539e+01
4.097871585419340335e+01
4.186922132862913770e+01
4.276794264249679145e+01
4.366102718496744473e+01
4.455411172743804826e+01
4.544163637498313335e+01
4.633208569976248015e+01
4.722253502454184115e+01
4.811298434932118795e+01
4.900135364190169440e+01
4.989320564756185661e+01
5.078505765322198329e+01
5.166698735563593203e+01
5.256169401147349873e+01
5.344718822376403722e+01
5.432821035742466620e+01
5.522291701326221158e+01
5.610931421542387199e+01
5.700088586145125902e+01
5.789782510131094284e+01
5.879102160824543688e+01
5.967702386557888161e+01
6.057841168444490165e+01
6.146706234696642923e+01
6.236199251183966652e+01
6.325692267671284696e+01
6.414579837105938509e+01
6.504139872836169900e+01
6.593699908566401291e+01
6.682985965708596154e+01
6.772272022850796702e+01
6.861294491924621752e+01
6.949095403081621214e+01
7.037864767166311708e+01
7.126391599256928089e+01
7.213947295816321059e+01
7.302474127906931756e+01
7.389795373889798213e+01
7.478090334108375714e+01
7.566164166771655175e+01
7.654237999434938899e+01
7.742311832098224045e+01
7.830175362644180836e+01
7.918038893190137628e+01
8.006881450559897928e+01
8.095724007929663912e+01
8.184369368778385478e+01
8.273014729627107045e+01
8.362641734486133771e+01
8.453250784806732554e+01
8.542693503906723151e+01
8.634104662962933219e+01
8.725696147283254334e+01
8.817107306339468664e+01
8.909503193693828393e+01
9.001899081048192386e+01
9.095280021287624095e+01
9.188660961527050119e+01
9.283027269073758703e+01
9.376584738043372624e+01
9.470329071205438254e+01
9.564270542345714432e+01
9.658212013485996295e+01
9.751603661934883860e+01
9.844253540510085543e+01
9.936177422064335474e+01
1.002862200005569662e+02
1.011942398241290704e+02
1.021018190217752135e+02
1.030032068406412264e+02
1.038927572889014641e+02
1.047751404256396910e+02
1.056565597356165114e+02
1.065242578397978974e+02
1.073925895736415868e+02
1.082501442366223330e+02
1.091128145096699029e+02
1.099628145096698972e+02
1.108142838279662499e+02
1.116706132038491575e+02
1.125262416278744126e+02
1.133907646177364512e+02
1.142590963515801690e+02
1.151332816866207196e+02
1.160153247694687337e+02
1.169071767751288746e+02
1.178018834309664129e+02
1.187052659634519500e+02
1.196099758617066300e+02
1.205347461034423873e+02
1.214583260945639012e+02
1.223817978050131217e+02
1.233158748896265990e+02
1.242520906767184385e+02
1.252013008747251916e+02
1.261467108387090548e+02
1.270956576233076447e+02
1.280420719089141528e+02
1.289854700221198129e+02
1.299367849016418290e+02
1.308872584678181852e+02
1.318273116578026531e+02
1.327777852239790377e+02
1.337097186979995911e+02
1.346440633881434223e+02
1.355718564685228955e+02
1.364925627191805120e+02
1.374183056640631548e+02
1.383283606074594445e+02
1.392451484782343414e+02
1.401599708653674838e+02
1.410709044524088256e+02
1.419784836500549829e+02
1.428867237064277447e+02
1.437929245671644765e+02
1.446884690942540033e+02
1.455922389764695879e+02
1.465000935903808852e+02
1.473995378632516235e+02
1.483038055227418965e+02
1.492059141636493678e+02
1.501101818231396408e+02
1.510171548106094974e+02
1.519134248591997789e+02
1.528194601785995985e+02
1.537237278380898715e+02
1.546251156569558987e+02
1.555253933918799589e+02
1.564382460634540735e+02
1.573365221902658675e+02
1.582487173448243425e+02
1.591469934716361649e+02
1.600605031869649224e+02
1.609607809218889258e+02
1.618634990395757711e+02
1.627756393796550469e+02
1.636816746990549234e+02
1.645861082234225137e+02
1.654930812108923988e+02
1.663973488703826433e+02
1.673047076748255222e+02
1.682052075360137167e+02
1.691094751955039897e+02
1.700130237553501331e+02
1.709074509463500533e+02
1.718112208285656664e+02
1.727108318556212225e+02
1.736077710954808708e+02
1.745066592976506570e+02
1.753986234224897487e+02
1.762967325472624793e+02
1.771951756450710889e+02
1.780880362164930659e+02
1.789757298573399851e+02
