0.000000000000000000e+00
1.200000000000000000e+01
2.400000000000000000e+01
3.600000000000000000e+01
4.800000000000000000e+01
6.002000021934509277e+01
7.200000000000000000e+01
8.400000000000000000e+01
9.600000000000000000e+01
1.080000000000000000e+02
1.200000000000000000e+02
1.320000000000000000e+02
1.440100002288818359e+02
1.560000000000000000e+02
1.680000000000000000e+02
1.800000000000000000e+02
1.920200002193450928e+02
2.040000000000000000e+02
2.160100002288818359e+02
2.280000000000000000e+02
2.400000000000000000e+02
2.520000000000000000e+02
2.640000000000000000e+02
2.760000000000000000e+02
2.880100002288818359e+02
3.000000000000000000e+02
3.120000000000000000e+02
3.240000000000000000e+02
3.360100002288818359e+02
3.480000000000000000e+02
3.600000000000000000e+02
3.720200002193450928e+02
3.840000000000000000e+02
3.960100002288818359e+02
4.111700000762939453e+02
4.200000000000000000e+02
4.350100002288818359e+02
4.440000000000000000e+02
4.588200001716613770e+02
4.680000000000000000e+02
4.825900001525878906e+02
4.920000000000000000e+02
5.063100001811981201e+02
5.160000000000000000e+02
5.299900000095367432e+02
5.400000000000000000e+02
5.535900001525878906e+02
5.640000000000000000e+02
5.760000000000000000e+02
5.880000000000000000e+02
6.000000000000000000e+02
6.120000000000000000e+02
6.240100002288818359e+02
6.360000000000000000e+02
6.480200002193450928e+02
6.600000000000000000e+02
6.720000000000000000e+02
6.840000000000000000e+02
6.960000000000000000e+02
7.080000000000000000e+02
7.200000000000000000e+02
7.320000000000000000e+02
7.440000000000000000e+02
7.560000000000000000e+02
7.680200002193450928e+02
7.800000000000000000e+02
7.920000000000000000e+02
8.040000000000000000e+02
8.160000000000000000e+02
8.280100002288818359e+02
8.400000000000000000e+02
8.520000000000000000e+02
8.640100002288818359e+02
8.760000000000000000e+02
8.880000000000000000e+02
9.000000000000000000e+02
9.120000000000000000e+02
9.240000000000000000e+02
9.360000000000000000e+02
9.480000000000000000e+02
9.600000000000000000e+02
9.720000000000000000e+02
9.840000000000000000e+02
9.960000000000000000e+02
1.008000000000000000e+03
1.020010000228881836e+03
1.032000000000000000e+03
1.044000000000000000e+03
1.056010000228881836e+03
1.068000000000000000e+03
1.080000000000000000e+03
1.092000000000000000e+03
1.104000000000000000e+03
1.116000000000000000e+03
1.128010000228881836e+03
1.140000000000000000e+03
1.152010000228881836e+03
1.164000000000000000e+03
1.176010000228881836e+03
1.188000000000000000e+03
1.200000000000000000e+03
1.212000000000000000e+03
1.224000000000000000e+03
1.236000000000000000e+03
1.248010000228881836e+03
1.260000000000000000e+03
1.272020000219345093e+03
1.284000000000000000e+03
1.296000000000000000e+03
1.308000000000000000e+03
1.320000000000000000e+03
1.332000000000000000e+03
1.344000000000000000e+03
1.356000000000000000e+03
1.368000000000000000e+03
1.380000000000000000e+03
1.392010000228881836e+03
1.404000000000000000e+03
1.416000000000000000e+03
1.428000000000000000e+03
1.440000000000000000e+03
1.452000000000000000e+03
1.464000000000000000e+03
1.476000000000000000e+03
1.488020000219345093e+03
1.500000000000000000e+03
1.512000000000000000e+03
1.524000000000000000e+03
1.536000000000000000e+03
1.548000000000000000e+03
1.560000000000000000e+03
1.572000000000000000e+03
1.584000000000000000e+03
1.596000000000000000e+03
1.608010000228881836e+03
1.620000000000000000e+03
1.632000000000000000e+03
1.644000000000000000e+03
1.656000000000000000e+03
1.668000000000000000e+03
1.680010000228881836e+03
1.692000000000000000e+03
1.704010000228881836e+03
1.716000000000000000e+03
1.728000000000000000e+03
1.740000000000000000e+03
1.752010000228881836e+03
1.764000000000000000e+03
1.776000000000000000e+03
1.788000000000000000e+03
